9	0.056712	17633.000000
10	0.054822	18241.000000
14	0.609013	1642.000000
15	0.143164	6985.000000
15	0.228833	4370.000000
16	0.447427	2235.000000
16	0.342936	2916.000000
17	0.848896	1178.000000
17	0.702741	1423.000000
17	0.778210	1285.000000
19	0.144697	6911.000000
20	0.205973	4855.000000
22	0.084097	11891.000000
23	0.077226	12949.000000
24	0.039445	25352.000000
25	0.253807	3940.000000
26	0.039864	25085.000000
27	0.040136	24915.000000
27	0.039273	25463.000000
28	0.033125	30189.000000
30	0.039571	25271.000000
31	0.053818	18581.000000
32	1.490313	671.000000
32	1.344086	744.000000
33	0.027871	35880.000000
33	0.030656	32620.000000
9	10000.000000	0.100000
10	10000.000000	0.100000
14	10000.000000	0.100000
15	10000.000000	0.100000
15	10000.000000	0.100000
16	10000.000000	0.100000
16	10000.000000	0.100000
17	10000.000000	0.100000
17	10000.000000	0.100000
17	10000.000000	0.100000
19	10000.000000	0.100000
20	10000.000000	0.100000
22	10000.000000	0.100000
23	10000.000000	0.100000
24	10000.000000	0.100000
25	10000.000000	0.100000
26	10000.000000	0.100000
27	10000.000000	0.100000
27	10000.000000	0.100000
28	10000.000000	0.100000
30	10000.000000	0.100000
31	10000.000000	0.100000
32	10000.000000	0.100000
32	10000.000000	0.100000
33	10000.000000	0.100000
33	1000.000000	1.000000
9	10000.000000	0.100000
10	10000.000000	0.100000
14	10000.000000	0.100000
15	10000.000000	0.100000
15	10000.000000	0.100000
16	10000.000000	0.100000
16	10000.000000	0.100000
17	10000.000000	0.100000
17	10000.000000	0.100000
17	10000.000000	0.100000
19	10000.000000	0.100000
20	10000.000000	0.100000
22	10000.000000	0.100000
23	10000.000000	0.100000
24	10000.000000	0.100000
25	10000.000000	0.100000
26	10000.000000	0.100000
27	10000.000000	0.100000
27	10000.000000	0.100000
28	10000.000000	0.100000
30	10000.000000	0.100000
31	10000.000000	0.100000
32	10000.000000	0.100000
32	10000.000000	0.100000
33	10000.000000	0.100000
33	10000.000000	0.100000
9	10000.000000	0.100000
10	10000.000000	0.100000
14	10000.000000	0.100000
15	10000.000000	0.100000
15	10000.000000	0.100000
16	10000.000000	0.100000
16	10000.000000	0.100000
17	10000.000000	0.100000
17	10000.000000	0.100000
17	10000.000000	0.100000
19	10000.000000	0.100000
20	10000.000000	0.100000
22	10000.000000	0.100000
23	10000.000000	0.100000
24	10000.000000	0.100000
25	10000.000000	0.100000
26	10000.000000	0.100000
27	10000.000000	0.100000
27	10000.000000	0.100000
28	10000.000000	0.100000
30	10000.000000	0.100000
31	10000.000000	0.100000
32	10000.000000	0.100000
32	10000.000000	0.100000
33	10000.000000	0.100000
33	10000.000000	0.100000
9	10000.000000	0.100000
10	10000.000000	0.100000
14	10000.000000	0.100000
15	10000.000000	0.100000
15	10000.000000	0.100000
16	10000.000000	0.100000
16	10000.000000	0.100000
17	10000.000000	0.100000
17	10000.000000	0.100000
17	10000.000000	0.100000
19	10000.000000	0.100000
