1	0.022917	43636.000000
1	0.467508	2139.000000
1	0.495050	2020.000000
1	0.438789	2279.000000
1	0.014076	71043.000000
1	1.418440	705.000000
1	1.392758	718.000000
1	1.628664	614.000000
2	0.038833	25751.000000
2	1.533742	652.000000
2	1.555210	643.000000
2	1.400560	714.000000
3	0.121344	8241.000000
3	1.555210	643.000000
3	1.754386	570.000000
4	0.121507	8230.000000
4	1.349528	741.000000
4	1.420455	704.000000
5	1.118568	894.000000
5	0.120163	8322.000000
5	1.262626	792.000000
6	0.058113	17208.000000
6	1.390821	719.000000
6	1.508296	663.000000
6	1.264223	791.000000
6	1.474926	678.000000
6	1.302083	768.000000
7	0.267594	3737.000000
7	0.410846	2434.000000
7	0.415973	2404.000000
8	0.633714	1578.000000
8	0.668896	1495.000000
8	0.623053	1605.000000
8	0.467508	2139.000000
9	0.409668	2441.000000
1	0.843170	1186.000000
1	1.262626	792.000000
1	2.024291	494.000000
1	1.858736	538.000000
1	1.477105	677.000000
1	1.455604	687.000000
2	2.057613	486.000000
2	2.132196	469.000000
2	2.109705	474.000000
2	2.123142	471.000000
3	1.275510	784.000000
3	2.087683	479.000000
3	2.538071	394.000000
4	1.633987	612.000000
4	1.455604	687.000000
4	1.730104	578.000000
5	1.814882	551.000000
5	1.739130	575.000000
5	1.904762	525.000000
6	1.739130	575.000000
6	1.605136	623.000000
6	1.811594	552.000000
6	1.398601	715.000000
6	1.862197	537.000000
6	1.594896	627.000000
7	0.442674	2259.000000
7	0.521648	1917.000000
7	0.483559	2068.000000
8	0.926784	1079.000000
8	0.742942	1346.000000
8	0.753012	1328.000000
8	0.945180	1058.000000
9	0.510204	1960.000000
9	0.041049	24361.000000
9	0.482625	2072.000000
1	0.892857	1120.000000
1	1.926782	519.000000
1	1.845018	542.000000
1	1.869159	535.000000
1	1.808318	553.000000
2	1.893939	528.000000
2	2.155172	464.000000
2	2.012072	497.000000
2	1.956947	511.000000
3	2.347418	426.000000
3	2.145923	466.000000
3	2.032520	492.000000
4	1.406470	711.000000
4	1.677852	596.000000
4	0.942507	1061.000000
5	1.612903	620.000000
5	1.692047	591.000000
5	2.257336	443.000000
6	2.272727	440.000000
6	2.183406	458.000000
6	2.202643	454.000000
6	1.547988	646.000000
6	1.838235	544.000000
6	1.742160	574.000000
7	0.529661	1888.000000
7	0.535332	1868.000000
7	0.528262	1893.000000
8	0.739645	1352.000000
8	0.744048	1344.000000
8	0.673401	1485.000000
8	0.946074	1057.000000
9	0.526593	1899.000000
9	0.564972	1770.000000
9	0.452284	2211.000000
10	0.935454	1069.000000
10	0.036753	27209.000000
11	0.503271	1987.000000
11	0.108755	9195.000000
11	0.487329	2052.000000
11	0.059126	16913.000000
12	0.438596	2280.000000
12	0.434405	2302.000000
12	0.487805	2050.000000
13	0.226347	4418.000000
13	0.054636	18303.000000
13	0.313676	3188.000000
13	0.329707	3033.000000
14	0.542594	1843.000000
14	0.610501	1638.000000
15	0.224820	4448.000000
15	0.245278	4077.000000
16	0.261917	3818.000000
16	0.435730	2295.000000
17	0.914913	1093.000000
17	0.700771	1427.000000
17	0.723066	1383.000000
18	0.896861	1115.000000
18	0.637349	1569.000000
18	0.672948	1486.000000
19	0.130463	7665.000000
19	0.145582	6869.000000
19	0.139276	7180.000000
20	0.199005	5025.000000
20	0.214179	4669.000000
21	0.224719	4450.000000
21	0.228154	4383.000000
21	0.227894	4388.000000
22	0.082183	12168.000000
22	0.084267	11867.000000
22	0.088456	11305.000000
23	0.088355	11318.000000
23	0.077718	12867.000000
24	0.038643	25878.000000
25	0.235571	4245.000000
25	0.239981	4167.000000
26	0.040238	24852.000000
26	0.028760	34770.000000
27	0.040980	24402.000000
28	0.033321	30011.000000
28	0.032945	30354.000000
29	0.023511	42533.000000
29	0.024423	40945.000000
29	0.024258	41223.000000
30	0.039621	25239.000000
30	0.035387	28259.000000
31	0.055087	18153.000000
31	0.054336	18404.000000
33	0.029937	33404.000000
1	10000.000000	0.100000
1	10000.000000	0.100000
1	10000.000000	0.100000
1	10000.000000	0.100000
1	10000.000000	0.100000
2	10000.000000	0.100000
2	10000.000000	0.100000
2	10000.000000	0.100000
2	10000.000000	0.100000
3	10000.000000	0.100000
3	10000.000000	0.100000
3	10000.000000	0.100000
4	10000.000000	0.100000
4	10000.000000	0.100000
4	10000.000000	0.100000
5	10000.000000	0.100000
5	10000.000000	0.100000
5	10000.000000	0.100000
6	10000.000000	0.100000
6	10000.000000	0.100000
6	10000.000000	0.100000
6	10000.000000	0.100000
6	10000.000000	0.100000
6	10000.000000	0.100000
7	10000.000000	0.100000
7	10000.000000	0.100000
7	10000.000000	0.100000
8	10000.000000	0.100000
8	10000.000000	0.100000
8	10000.000000	0.100000
8	10000.000000	0.100000
9	10000.000000	0.100000
9	10000.000000	0.100000
9	10000.000000	0.100000
10	10000.000000	0.100000
10	10000.000000	0.100000
11	10000.000000	0.100000
11	10000.000000	0.100000
11	10000.000000	0.100000
11	10000.000000	0.100000
12	10000.000000	0.100000
12	10000.000000	0.100000
12	10000.000000	0.100000
13	10000.000000	0.100000
13	10000.000000	0.100000
13	10000.000000	0.100000
13	10000.000000	0.100000
14	10000.000000	0.100000
14	10000.000000	0.100000
15	10000.000000	0.100000
15	10000.000000	0.100000
16	10000.000000	0.100000
16	10000.000000	0.100000
17	10000.000000	0.100000
17	10000.000000	0.100000
17	10000.000000	0.100000
18	10000.000000	0.100000
18	10000.000000	0.100000
18	10000.000000	0.100000
19	10000.000000	0.100000
19	10000.000000	0.100000
19	10000.000000	0.100000
20	10000.000000	0.100000
20	10000.000000	0.100000
21	10000.000000	0.100000
21	10000.000000	0.100000
21	10000.000000	0.100000
22	10000.000000	0.100000
22	10000.000000	0.100000
22	10000.000000	0.100000
23	10000.000000	0.100000
23	10000.000000	0.100000
24	10000.000000	0.100000
25	10000.000000	0.100000
25	10000.000000	0.100000
26	10000.000000	0.100000
26	10000.000000	0.100000
27	10000.000000	0.100000
28	10000.000000	0.100000
28	10000.000000	0.100000
29	10000.000000	0.100000
29	10000.000000	0.100000
29	10000.000000	0.100000
30	10000.000000	0.100000
30	10000.000000	0.100000
31	10000.000000	0.100000
31	10000.000000	0.100000
33	10000.000000	0.100000
1	10000.000000	0.100000
1	10000.000000	0.100000
1	10000.000000	0.100000
1	10000.000000	0.100000
1	10000.000000	0.100000
2	10000.000000	0.100000
2	10000.000000	0.100000
2	10000.000000	0.100000
2	10000.000000	0.100000
3	10000.000000	0.100000
3	10000.000000	0.100000
3	10000.000000	0.100000
4	10000.000000	0.100000
4	10000.000000	0.100000
4	10000.000000	0.100000
5	10000.000000	0.100000
5	10000.000000	0.100000
5	10000.000000	0.100000
6	10000.000000	0.100000
6	10000.000000	0.100000
6	10000.000000	0.100000
6	10000.000000	0.100000
6	10000.000000	0.100000
6	10000.000000	0.100000
7	10000.000000	0.100000
7	10000.000000	0.100000
7	10000.000000	0.100000
8	10000.000000	0.100000
8	10000.000000	0.100000
8	10000.000000	0.100000
8	10000.000000	0.100000
9	10000.000000	0.100000
9	10000.000000	0.100000
9	10000.000000	0.100000
10	10000.000000	0.100000
10	10000.000000	0.100000
11	10000.000000	0.100000
11	10000.000000	0.100000
11	10000.000000	0.100000
11	10000.000000	0.100000
12	10000.000000	0.100000
12	10000.000000	0.100000
12	10000.000000	0.100000
13	10000.000000	0.100000
13	10000.000000	0.100000
13	10000.000000	0.100000
13	10000.000000	0.100000
14	10000.000000	0.100000
14	10000.000000	0.100000
15	10000.000000	0.100000
15	10000.000000	0.100000
16	10000.000000	0.100000
16	10000.000000	0.100000
17	10000.000000	0.100000
17	10000.000000	0.100000
17	10000.000000	0.100000
18	10000.000000	0.100000
18	10000.000000	0.100000
18	10000.000000	0.100000
19	10000.000000	0.100000
19	10000.000000	0.100000
19	10000.000000	0.100000
20	10000.000000	0.100000
20	10000.000000	0.100000
21	10000.000000	0.100000
21	10000.000000	0.100000
21	10000.000000	0.100000
22	10000.000000	0.100000
22	10000.000000	0.100000
22	10000.000000	0.100000
23	10000.000000	0.100000
23	10000.000000	0.100000
24	10000.000000	0.100000
25	10000.000000	0.100000
25	10000.000000	0.100000
26	10000.000000	0.100000
26	10000.000000	0.100000
27	10000.000000	0.100000
28	10000.000000	0.100000
28	10000.000000	0.100000
29	10000.000000	0.100000
29	10000.000000	0.100000
29	10000.000000	0.100000
30	10000.000000	0.100000
30	10000.000000	0.100000
31	10000.000000	0.100000
31	10000.000000	0.100000
33	10000.000000	0.100000
1	10000.000000	0.100000
1	10000.000000	0.100000
1	10000.000000	0.100000
1	10000.000000	0.100000
1	10000.000000	0.100000
2	10000.000000	0.100000
2	10000.000000	0.100000
2	10000.000000	0.100000
2	10000.000000	0.100000
3	10000.000000	0.100000
3	10000.000000	0.100000
3	10000.000000	0.100000
4	10000.000000	0.100000
4	10000.000000	0.100000
4	10000.000000	0.100000
5	10000.000000	0.100000
5	10000.000000	0.100000
5	10000.000000	0.100000
6	10000.000000	0.100000
6	10000.000000	0.100000
6	10000.000000	0.100000
6	10000.000000	0.100000
6	10000.000000	0.100000
6	10000.000000	0.100000
7	10000.000000	0.100000
7	10000.000000	0.100000
7	10000.000000	0.100000
8	10000.000000	0.100000
8	10000.000000	0.100000
8	10000.000000	0.100000
8	10000.000000	0.100000
9	10000.000000	0.100000
9	10000.000000	0.100000
9	10000.000000	0.100000
10	10000.000000	0.100000
10	10000.000000	0.100000
11	10000.000000	0.100000
11	10000.000000	0.100000
11	10000.000000	0.100000
11	10000.000000	0.100000
12	10000.000000	0.100000
12	10000.000000	0.100000
12	10000.000000	0.100000
13	10000.000000	0.100000
13	10000.000000	0.100000
13	10000.000000	0.100000
13	10000.000000	0.100000
14	10000.000000	0.100000
14	10000.000000	0.100000
15	10000.000000	0.100000
15	10000.000000	0.100000
16	10000.000000	0.100000
16	10000.000000	0.100000
17	10000.000000	0.100000
17	10000.000000	0.100000
17	10000.000000	0.100000
18	10000.000000	0.100000
18	10000.000000	0.100000
18	10000.000000	0.100000
19	10000.000000	0.100000
19	10000.000000	0.100000
19	10000.000000	0.100000
20	10000.000000	0.100000
20	10000.000000	0.100000
21	10000.000000	0.100000
21	10000.000000	0.100000
21	10000.000000	0.100000
22	10000.000000	0.100000
22	10000.000000	0.100000
22	10000.000000	0.100000
23	10000.000000	0.100000
23	10000.000000	0.100000
24	10000.000000	0.100000
25	10000.000000	0.100000
25	10000.000000	0.100000
26	10000.000000	0.100000
26	10000.000000	0.100000
27	10000.000000	0.100000
28	10000.000000	0.100000
28	10000.000000	0.100000
29	10000.000000	0.100000
29	10000.000000	0.100000
29	10000.000000	0.100000
30	10000.000000	0.100000
30	10000.000000	0.100000
31	10000.000000	0.100000
31	10000.000000	0.100000
33	10000.000000	0.100000
1	10000.000000	0.100000
1	10000.000000	0.100000
1	10000.000000	0.100000
1	10000.000000	0.100000
1	10000.000000	0.100000
2	10000.000000	0.100000
2	10000.000000	0.100000
2	10000.000000	0.100000
2	10000.000000	0.100000
3	10000.000000	0.100000
3	10000.000000	0.100000
3	10000.000000	0.100000
4	10000.000000	0.100000
4	10000.000000	0.100000
4	10000.000000	0.100000
5	10000.000000	0.100000
5	10000.000000	0.100000
5	10000.000000	0.100000
6	10000.000000	0.100000
6	10000.000000	0.100000
6	10000.000000	0.100000
6	10000.000000	0.100000
6	10000.000000	0.100000
6	10000.000000	0.100000
7	10000.000000	0.100000
7	10000.000000	0.100000
7	10000.000000	0.100000
8	10000.000000	0.100000
8	10000.000000	0.100000
8	10000.000000	0.100000
8	10000.000000	0.100000
9	10000.000000	0.100000
9	10000.000000	0.100000
9	10000.000000	0.100000
10	10000.000000	0.100000
10	10000.000000	0.100000
11	10000.000000	0.100000
11	10000.000000	0.100000
11	10000.000000	0.100000
11	10000.000000	0.100000
12	10000.000000	0.100000
12	10000.000000	0.100000
12	10000.000000	0.100000
13	10000.000000	0.100000
13	10000.000000	0.100000
13	10000.000000	0.100000
13	10000.000000	0.100000
14	10000.000000	0.100000
14	10000.000000	0.100000
15	10000.000000	0.100000
15	10000.000000	0.100000
16	10000.000000	0.100000
16	10000.000000	0.100000
17	10000.000000	0.100000
17	10000.000000	0.100000
17	10000.000000	0.100000
18	10000.000000	0.100000
18	10000.000000	0.100000
18	10000.000000	0.100000
19	10000.000000	0.100000
19	10000.000000	0.100000
19	10000.000000	0.100000
1	10000.000000	0.100000
1	10000.000000	0.100000
1	10000.000000	0.100000
1	10000.000000	0.100000
1	10000.000000	0.100000
2	10000.000000	0.100000
2	10000.000000	0.100000
2	10000.000000	0.100000
2	10000.000000	0.100000
3	10000.000000	0.100000
3	10000.000000	0.100000
3	10000.000000	0.100000
4	10000.000000	0.100000
4	10000.000000	0.100000
4	10000.000000	0.100000
5	10000.000000	0.100000
5	10000.000000	0.100000
5	10000.000000	0.100000
6	10000.000000	0.100000
6	10000.000000	0.100000
6	10000.000000	0.100000
6	10000.000000	0.100000
6	10000.000000	0.100000
6	10000.000000	0.100000
